0.44232400485924717
0.8999533169208377
0.2400513748654055
0.40412375243239074
0.3640340977902051
0.5320894745998703
0.08253559023084123
0.6743712344238741
0.916181385053009
0.040138428365782075
0.9878259076449508
0.8444238874196791
0.3693955575334704
0.9332999252125715
0.2073123364966687
0.08798952021566564
0.669073369293176
0.39040984989497907
0.37927547094867076
0.9838079791376605
0.6840917394387199
0.9820101098101599
0.25800451029859806
0.18382735941002748
0.5653931436673637
0.12358896824512045
0.6066922149783155
0.18456221191099487
0.6813341019001654
0.5035233391042538
0.41354383516419624
0.8545031567541606
0.8745328261477648
0.5563742504059264
0.6306529105483415
0.4713056507682274
0.71229079066576
0.30849465150407374
0.7770516429819894
0.14355162146705325
0.04520482019914185
0.03136387483088976
0.2101512297223307
0.8839822402085454
0.5847745969510117
0.5817203077953431
0.641349549748066
0.6664531447744109
0.9134973776852161
0.5784073174761709
0.8040943046299992
0.8912811758733421
0.48753796520435133
0.6662005045520596
0.7814447335473894
0.7678006997360631
0.834772605441021
0.8814022740081684
0.1184935328689728
0.4385175059572368
0.42726098801187284
0.8617404216825076
0.48156096343474086
0.8002840316070678
0.3158831588816776
0.40760576225392975
0.10879021407241285
0.6788580946740933
0.7924319564942948
0.2992840596115449
0.1352233536881885
0.4958485497689805
0.7627679469825995
0.815072141399988
0.3521844582971486
0.1325443009245627
0.8822098585020319
0.7632994504111896
0.036714963867137684
0.505817576491839
0.32692807031100557
0.5735721509102926
0.5069648166927252
0.3046096428280435
0.715287171065582
0.6013629838061122
0.012943906433176222
0.048660106551760895
0.7464577907567606
0.3087776827309059
0.546260888126875
0.24317761308614383
0.1333516657220285
0.7159868741682853
0.3203423041804483
0.5582547643060137
0.10544035737798252
0.8710649102280296
0.8054379083716335
0.6646692544467424
